  -4.4343871911239532     
  -4.0783355757068351     
  -3.7371826300696873     
  -3.4109283542125093     
  -3.0995727481353001     
  -2.8031158118380612     
  -2.5215575453207921     
  -2.2548979485834924     
  -2.0031370216261628     
  -1.7662747644488033     
  -1.5443111770514131     
  -1.3372462594339927     
  -1.1450800115965418     
 -0.96781243353906155     
 -0.80544352526155039     
 -0.65797328676400890     
 -0.52540171804643732     
 -0.40772881910883529     
 -0.30495458995120323     
 -0.21707903057354105     
 -0.14410214097584848     
  -8.6023921158125585E-002
  -4.2844371120372475E-002
  -1.4563490862589137E-002
  -1.1812803847755834E-003
